  -0.0092668195
   0.0029413136
   0.0040830770
   0.0009130307
   0.0018081974
  -0.0110232730
  -0.0126957260
  -0.0007168205
  -0.0013743160
  -0.0028340673
  -0.0026629454
  -0.0137427808
  -0.0136659810
  -0.0030386462
  -0.0086736682
   0.0112693060
  -0.0035040437
  -0.0095884212
  -0.0141915782
  -0.0242907448
  -0.0316299648
  -0.0339661426
  -0.0266114142
  -0.0473244081
  -0.0448703776
  -0.0455031103
  -0.0556275833
  -0.0417081579
  -0.0283407571
  -0.0489016675
  -0.0460399445
  -0.0208698667
  -0.0336857801
  -0.0355420991
  -0.0257985043
  -0.0140229820
  -0.0034638422
  -0.0116898035
  -0.0027173230
  -0.0115475892
  -0.0137878969
  -0.0130354856
  -0.0028138809
  -0.0007755507
  -0.0026038625
  -0.0018948164
  -0.0134125091
   0.0164260200
   0.0151075748
   0.0210162311
   0.0220065657
   0.0217760843
   0.0213780361
   0.0208684634
   0.0216932016
   0.0214114342
   0.0209838871
   0.0155111604
   0.0139890236
   0.0132617455
   0.0095382056
   0.0222238998
   0.0192801930
   0.0191146850
   0.0174927226
   0.0214055045
   0.0188471294
   0.0188308717
   0.0174245660
   0.0122713800
   0.0092548323
   0.0073771417
   0.0052345079
  -0.0090415526
   0.0156287372
   0.0122335042
   0.0056585385
  -0.0109133590
   0.0151135720
   0.0120813995
   0.0055199399
  -0.0114176400
   0.0063265713
   0.0048409605
  -0.0101343699
   0.0068234955
  -0.0026674738
   0.0130264949
   0.0170853537
  -0.0051743398
   0.0079314731
   0.0130745631
   0.0165964124
  -0.0050625436
   0.0080629849
   0.0070092893
  -0.0024008922
   0.0114553545
   0.0124406581
   0.0178416761
   0.0192067950
   0.0193241685
   0.0178162133
   0.0179363151
   0.0190774359
   0.0188950586
   0.0187366660
   0.0115454433
   0.0116770489
  -0.0077581464
   0.0009421977
   0.0017505814
   0.0097109266
  -0.0007340900
  -0.0000835384
  -0.0092800834
  -0.0100864034
  -0.0015528349
  -0.0023141151
   0.0067675413
   0.0061857581
  -0.0032096266
  -0.0034072940
  -0.0111082267
  -0.0126028960
  -0.0047432469
  -0.0096032168
  -0.0167134168
   0.0045708315
  -0.0183526775
  -0.0052250071
  -0.0105685700
  -0.0132190733
  -0.0199685774
  -0.0243776892
  -0.0257541092
  -0.0217595532
  -0.0340786039
  -0.0326324939
  -0.0206215454
  -0.0376641220
  -0.0404225057
  -0.0286516198
  -0.0212576695
  -0.0382152962
  -0.0408794133
  -0.0288680146
  -0.0231649046
  -0.0353875249
  -0.0336019231
  -0.0258290764
  -0.0268803278
  -0.0209879970
  -0.0129359620
  -0.0052253282
  -0.0118717309
  -0.0129340944
  -0.0047530706
  -0.0119353145
  -0.0128520224
  -0.0103843342
  -0.0034432926
  -0.0016381234
  -0.0034394869
  -0.0025162047
  -0.0108121930
   0.0115369307
   0.0119596155
   0.0160152758
   0.0168007948
   0.0169778904
   0.0163179809
   0.0193667378
   0.0181868365
   0.0184473457
   0.0182656981
   0.0185394667
   0.0158111196
   0.0163872599
   0.0164903988
   0.0157475167
   0.0106612293
   0.0109472703
   0.0087547745
   0.0082805892
   0.0148150553
   0.0144902856
   0.0135662538
   0.0121880882
   0.0192359462
   0.0164690468
   0.0159926232
   0.0152448798
   0.0149028027
   0.0140917006
   0.0140138458
   0.0132736894
   0.0123476738
   0.0076122091
   0.0075634598
   0.0036086325
  -0.0012446592
   0.0127343337
   0.0094871156
   0.0059952801
  -0.0013733492
  -0.0174709289
   0.0158679371
   0.0113809325
   0.0082806642
   0.0027444010
  -0.0086030598
   0.0114294551
   0.0090882088
   0.0057672858
  -0.0017086067
  -0.0185972356
   0.0030259501
  -0.0017815064
   0.0029654823
  -0.0030727812
   0.0085872265
   0.0114448961
  -0.0047042304
   0.0043983361
   0.0105007730
   0.0139035177
  -0.0145640133
   0.0000453390
   0.0069327874
   0.0086170741
   0.0109970308
  -0.0045724769
   0.0045350429
   0.0030990225
  -0.0028644677
   0.0074630200
   0.0087492044
   0.0130065172
   0.0142259262
   0.0146201175
   0.0118097315
   0.0149753987
   0.0158167872
   0.0162827512
   0.0177406101
   0.0155138085
   0.0131298582
   0.0140602398
   0.0141242992
   0.0127233917
   0.0074892566
   0.0081743450
  -0.0061179147
   0.0002920064
   0.0008804382
   0.0083687897
   0.0078877777
   0.0070038212
   0.0062510238
  -0.0010996198
  -0.0006352676
  -0.0074387936
  -0.0078506949
  -0.0014565270
  -0.0022785562
   0.0035510306
   0.0051485032
   0.0029837822
  -0.0028110120
  -0.0032445291
  -0.0088342295
  -0.0109971497
  -0.0050406126
  -0.0092052691
  -0.0148584348
   0.0015307469
  -0.0163618620
  -0.0055676344
  -0.0101285864
  -0.0116540060
  -0.0164546074
  -0.0192699742
  -0.0201467031
  -0.0178357610
  -0.0255905696
  -0.0246952088
  -0.0169238933
  -0.0284733056
  -0.0304076522
  -0.0223868208
  -0.0261538917
  -0.0326728209
  -0.0299784503
  -0.0181906661
  -0.0176965953
  -0.0291510649
  -0.0309622858
  -0.0226591153
  -0.0189568727
  -0.0266348026
  -0.0254731629
  -0.0203421791
  -0.0209856943
  -0.0171834380
  -0.0112982639
  -0.0055565261
  -0.0109318951
   0.0016686185
  -0.0124154113
   0.0020741798
  -0.0125189245
  -0.0052937672
  -0.0110876025
  -0.0113289273
  -0.0081079181
  -0.0031982068
  -0.0015630716
   0.0037652087
   0.0063316258
   0.0040084164
   0.0052723330
  -0.0033196023
  -0.0022973936
  -0.0085730924
   0.0095834867
   0.0099480736
   0.0137934138
   0.0140702089
   0.0143107088
   0.0140507644
   0.0141025643
   0.0155016992
   0.0154815245
   0.0154633345
   0.0155822959
   0.0136726254
   0.0137404930
   0.0139115825
   0.0135863616
   0.0088072838
   0.0090500305
   0.0073271850
   0.0066927941
   0.0132685022
   0.0122963871
   0.0116696414
   0.0106156324
   0.0145668084
   0.0135377120
   0.0129410013
   0.0123280866
   0.0134680806
   0.0125077331
   0.0118198116
   0.0113416916
   0.0104883040
   0.0063155353
   0.0060624322
   0.0022636170
  -0.0025503835
   0.0089621606
   0.0061545647
   0.0019952369
  -0.0061086537
   0.0108983818
   0.0078345004
   0.0043504262
  -0.0018181694
  -0.0142114686
   0.0083381755
   0.0058718208
   0.0017499213
  -0.0065605677
   0.0016871492
  -0.0031080294
   0.0016192940
  -0.0042985674
   0.0066267228
   0.0094373951
  -0.0041168440
   0.0029519318
   0.0082878293
   0.0115904290
  -0.0115029897
  -0.0005475044
   0.0050333414
   0.0066173240
   0.0090575215
  -0.0040248213
   0.0030367305
   0.0016925646
  -0.0041596437
   0.0059715755
   0.0072812678
   0.0107070581
   0.0117322038
   0.0123540129
   0.0138071907
   0.0098168701
   0.0123921599
   0.0130515582
   0.0136405087
   0.0149224581
   0.0129510974
   0.0108170336
   0.0116004887
   0.0119706913
   0.0127937678
   0.0105415133
   0.0059788524
   0.0067498309
  -0.0047986874
   0.0000663585
   0.0005069791
   0.0059812672
   0.0069760530
   0.0056452028
   0.0105354440
   0.0048605285
   0.0056547884
   0.0042950683
  -0.0011027981
  -0.0007673343
  -0.0059553150
  -0.0061950210
  -0.0012198135
  -0.0020667264
   0.0046690409
   0.0040452878
   0.0018254090
   0.0093000443
   0.0034203817
   0.0030646861
   0.0012596114
  -0.0023649422
  -0.0029397513
  -0.0071313489
  -0.0094661643
  -0.0048807181
  -0.0084285295
  -0.0001908234
  -0.0044936916
  -0.0128473834
   0.0000116384
  -0.0006989548
  -0.0050893797
  -0.0054390287
  -0.0092807773
  -0.0101277147
  -0.0136856768
  -0.0156006891
  -0.0161944254
  -0.0147782292
  -0.0199273636
  -0.0193453385
  -0.0174867103
  -0.0231978742
  -0.0229266366
  -0.0167999443
  -0.0229802887
  -0.0259665221
  -0.0226813570
  -0.0232318393
  -0.0261819938
  -0.0228303672
  -0.0181959417
  -0.0238287057
  -0.0234221289
  -0.0170308019
  -0.0156822122
  -0.0207626913
  -0.0199736564
  -0.0164245240
  -0.0168434530
  -0.0142403376
  -0.0097324063
  -0.0053948302
  -0.0097621188
  -0.0001256152
  -0.0112166843
  -0.0036192538
   0.0000989400
  -0.0114208550
  -0.0033654961
  -0.0052859367
  -0.0099623712
  -0.0098445183
  -0.0064157102
  -0.0028333813
  -0.0013385076
   0.0020405103
   0.0039782253
   0.0044457865
   0.0104535831
   0.0094726842
   0.0021465516
   0.0035984162
   0.0035695890
  -0.0030351157
  -0.0019805861
  -0.0069031678
   0.0077384048
   0.0113157541
   0.0115452880
   0.0112910621
   0.0133224741
   0.0131441983
   0.0131629473
   0.0132094693
   0.0142193481
   0.0132420520
   0.0130158643
   0.0130132023
   0.0130388153
   0.0140180046
   0.0109359908
   0.0110963870
   0.0107622242
   0.0047987038
   0.0103629237
   0.0097190841
   0.0090778498
   0.0079940344
   0.0133156293
   0.0117314972
   0.0110629781
   0.0104359585
   0.0101371144
   0.0130274895
   0.0115440715
   0.0109266819
   0.0103508410
   0.0101661063
   0.0091813568
   0.0087014317
   0.0078120573
   0.0062552807
   0.0038915057
   0.0001304419
  -0.0067995329
   0.0074724552
   0.0047762666
   0.0010299277
  -0.0054064565
   0.0072936785
   0.0046689314
   0.0009235150
  -0.0055825887
   0.0055915845
   0.0035402767
  -0.0001920042
  -0.0073501568
  -0.0042540011
   0.0042852141
  -0.0052078444
   0.0009390397
   0.0064523786
   0.0094105540
  -0.0090974057
  -0.0009784847
   0.0035462833
   0.0064306965
   0.0092471102
  -0.0090746530
  -0.0009491399
   0.0035652367
   0.0042542942
  -0.0051389706
   0.0010009824
  -0.0000752162
   0.0080968243
   0.0091296853
   0.0097612045
   0.0101809625
   0.0107975847
   0.0114306987
   0.0125080478
   0.0103244250
   0.0102344572
   0.0107644608
   0.0113250172
   0.0122739427
   0.0105999104
   0.0081896716
   0.0089690215
   0.0093293034
